1.000000000000000000e+00 4.216426581804331164e+00
1.090909090909090828e+00 4.477220308701963525e+00
1.181818181818181879e+00 4.188174614463599177e+00
1.272727272727272707e+00 5.100702001894747539e+00
1.363636363636363757e+00 5.016725386306100098e+00
1.454545454545454586e+00 5.462450434865769644e+00
1.545454545454545414e+00 6.002385615964648480e+00
1.636363636363636243e+00 6.091240941586669067e+00
1.727272727272727293e+00 6.624251172621907102e+00
1.818181818181818343e+00 5.967502498597605509e+00
1.909090909090909172e+00 7.201946812081516214e+00
2.000000000000000000e+00 6.879408742779346220e+00
2.090909090909090828e+00 7.720828582156459063e+00
2.181818181818181657e+00 7.338871763172481799e+00
2.272727272727272485e+00 7.940029964911662574e+00
2.363636363636363757e+00 7.595569827105743244e+00
2.454545454545454586e+00 8.412134508249426545e+00
2.545454545454545414e+00 8.791311998502637337e+00
2.636363636363636687e+00 9.248790640146181019e+00
2.727272727272727515e+00 9.183882236166249768e+00
2.818181818181818343e+00 9.554279642579702525e+00
2.909090909090909172e+00 1.012332028196168210e+01
3.000000000000000000e+00 9.841659458387434611e+00
3.090909090909090828e+00 1.065242066509576091e+01
3.181818181818181657e+00 1.101841500454251488e+01
3.272727272727272929e+00 1.127429049836526254e+01
3.363636363636363757e+00 1.143853564928241795e+01
3.454545454545454586e+00 1.170937174180330764e+01
3.545454545454545414e+00 1.207982473608447549e+01
3.636363636363636243e+00 1.197467716975794616e+01
3.727272727272727515e+00 1.259567191811806275e+01
3.818181818181818343e+00 1.210955008838447000e+01
3.909090909090909172e+00 1.312405154551319697e+01
4.000000000000000000e+00 1.289153975278790121e+01
4.090909090909090828e+00 1.310057003120395258e+01
4.181818181818181657e+00 1.351655596760122791e+01
4.272727272727273373e+00 1.408838484009399039e+01
4.363636363636363313e+00 1.437189888345839783e+01
4.454545454545455030e+00 1.404068713365703580e+01
4.545454545454544970e+00 1.448129024087619854e+01
4.636363636363636687e+00 1.511118585475781728e+01
4.727272727272727515e+00 1.492047768583154266e+01
4.818181818181818343e+00 1.572696069706137223e+01
4.909090909090909172e+00 1.534687450405520082e+01
5.000000000000000000e+00 1.630487174517609361e+01
5.090909090909090828e+00 1.672669091632419480e+01
5.181818181818181657e+00 1.700577646211190697e+01
5.272727272727272485e+00 1.695249259215175996e+01
5.363636363636363313e+00 1.695773581688590070e+01
5.454545454545455030e+00 1.728023614058963275e+01
5.545454545454545858e+00 1.771243120708763996e+01
5.636363636363636687e+00 1.782132558934328870e+01
5.727272727272727515e+00 1.865960352527259403e+01
5.818181818181818343e+00 1.874245624006190170e+01
5.909090909090909172e+00 1.835164270914724938e+01
6.000000000000000000e+00 1.900095366026398125e+01
6.090909090909090828e+00 1.957463232367232209e+01
6.181818181818181657e+00 1.907188621236975123e+01
6.272727272727272485e+00 1.961045657960594113e+01
6.363636363636364202e+00 2.011963599873694974e+01
6.454545454545455030e+00 2.080239956855476180e+01
6.545454545454545858e+00 2.061934449518041745e+01
6.636363636363636687e+00 2.135056353544064223e+01
6.727272727272727515e+00 2.138745191255410916e+01
6.818181818181818343e+00 2.189681543055069213e+01
6.909090909090909172e+00 2.199890990567819671e+01
7.000000000000000000e+00 2.213319197701446583e+01
7.090909090909090828e+00 2.271782585243561670e+01
7.181818181818181657e+00 2.225158277498122672e+01
7.272727272727272485e+00 2.265132817144256805e+01
7.363636363636364202e+00 2.263109048870694195e+01
7.454545454545455030e+00 2.298388502021646573e+01
7.545454545454545858e+00 2.332314220227559787e+01
7.636363636363636687e+00 2.434649700755737811e+01
7.727272727272727515e+00 2.415956058003218843e+01
7.818181818181818343e+00 2.474046690576284036e+01
7.909090909090909172e+00 2.487777506830309804e+01
8.000000000000000000e+00 2.488415484935678990e+01
8.090909090909089940e+00 2.504977086698304944e+01
8.181818181818181657e+00 2.597343956375557639e+01
8.272727272727273373e+00 2.575852871117310983e+01
8.363636363636363313e+00 2.654056173752608316e+01
8.454545454545455030e+00 2.656763889205610596e+01
8.545454545454546746e+00 2.630768326799845980e+01
8.636363636363636687e+00 2.710633315809998933e+01
8.727272727272726627e+00 2.717002904920236617e+01
8.818181818181818343e+00 2.705330427365803914e+01
8.909090909090910060e+00 2.803572473395938047e+01
9.000000000000000000e+00 2.825247605003847085e+01
9.090909090909091717e+00 2.826221952982838559e+01
9.181818181818181657e+00 2.810747607473526699e+01
9.272727272727273373e+00 2.889585094443254931e+01
9.363636363636363313e+00 2.907592824227276296e+01
9.454545454545455030e+00 2.906694763282995808e+01
9.545454545454544970e+00 2.930026289059096101e+01
9.636363636363636687e+00 2.989579288308322091e+01
9.727272727272726627e+00 2.976710928775724341e+01
9.818181818181818343e+00 3.009864562777353214e+01
9.909090909090910060e+00 3.090160190353409675e+01
1.000000000000000000e+01 3.085132618461468823e+01
